400
400
400
400
400
400
400
400
400
400
400
400
400
400
400
400
400
400
400
400
400
400
400
400
400
400
400
400
400
400
400
400
400
400
400
400
400
398.5557
872.3056
638.9951
789.3834
679.4747
570.2480
171.4649
643.3964
379.4628
498.3187
803.1865
676.1479
195.5791
712.9908
481.0440
815.6259
642.1979
195.8891
591.7172
556.7754
598.8461
243.0430
883.8564
421.3268
570.8059
491.0658
656.7656
454.0783
680.1153
385.5585
750.9908
624.1794
452.5699
632.6721
383.3681
318.7123
513.2170
585.6835
353.2822
 45.2322
210.4774
268.0870
448.6438
322.0598
380.1240
299.4747
280.9810
185.2474
122.6373
 13.6378
150.0783
101.6433
252.9407
 51.6172
 18.2664
 30.8505
 400
 400
 400
 400
 400
 400
 400
 400
 400
 400
 400
